3006900273008
3006900276009
8025608006386
8050450210537
8050450210544
8050450210629
8050450210636
8050450210643
8050450210667
8050450210674
8050450211930
8050450212043
8050450212050
8050450212388
8050450212395
8050450212401
8050450212418
8050450212425
8050450212456
8050450212647
8050450213095
8050450213101
8050450213118
8050450213446
8050450213668
8050450214153
8050450214399
8050450214405
8050450215624
8050450215624
8050450215631
8050450215655
8050450217444
8050450217451
8050450217536
8050450217574
8050450217581
8050450217673
8050450218038
8050450218052
8050450218335
8050450218342
8050450218373
8050538590117
8050538590285
8050538590360
8050538590490
8050538590544
8050538590605
8050538590667
8050538590766
8050538590803
8050538590896
8050538590919
8050538591299
8050538591312
8050538591428
8050538591503
8050538591534
8050538591541
8050538594429
8050538594436
8050538596379
8050538597642
8050846001299
8050846001305
8050846001336
8050846001343
8050846001558
8050846001794
8050846001800
8050846001817
8050846002012
8050846002029
8050846002036
8050846002586
8050846003248
8050846003309
8050846003316
8050846003620
8050846004023
8050846004306
8050846004566
8050846004573
8050846004580
8050846004863
8050846004894
8050846004931
8050846004948
8050846005075
8050846006379
8050846006393
8050846006423
8050846006447
8050846006546
8050846006553
8050846006560
8050846006584
8050846006591
8050846006638
8050846006645
8050846006652
8050846006782
8050846006805
8050846006928
8050846006935
8050846006942
8050846006959
8050846006966
8050846007130
8050846007147
8050846007178
8050846008427
8050846009875
8050846010581
8050846010598
8050846010604
8050846010611
8050846010628
8050846011151
8050846011229
8050846011410
8050846011465
8050846011489
8050846011496
8050846011540
8050846012271
8050846012288
8050846012295
8050846012684
8050846012691
8050846013018
8050846013025
8050846013506
8050846013520
8050846013940
8050846014015
8050846014022
8050846014510
8050846014527
8050846014763
8050846014787
8050846014893
8050846014909
8050846016279
8050846016354
8050846016736
8050846016750
8050846016774
8050846016798
8050846016880
8050846016927
8050846016941
8050846019362
8050846019935
8050846019935
8050846029118
8050846029132
8050846029156
8050846029170
8050846030572
8050846030589
8050846030633
8050846030688
8050846030909
8050846030916
8050846030923
8050846030947
8050846031401
8050846031456
8050846031470
8050846031593
8050846031609
8050846031616
8050846031654
8050846033115
8050846033122
8050846033160
8050846033177
8050846033191
8050846033207
8050846033221
8050846033245
8050846033252
8050846033269
8050846033917
8050846033924
8050846034358
8050846035089
8050846035096
8050846035126
8050846035133
8050846035171
8050846035188
8050846035201
8050846035218
8050846035256
8050846035270
8050846035454
8050846038905
8050846038912
8050846038929
8050846038936
8050846039025
8050846039032
8050846039049
8050846039056
8050846039063
8050846039070
8050846039087
8050846039094
8050846039100
8050846039117
8050846039124
8050846039131
8050846039148
8050846039193
8050846039209
8050846039216
8050846039223
8050846039247
8050846039254
8050846039261
8050846039278
8050846039353
8050846039360
8050846039377
8050846039384
8050846039391
8050846039407
8050846039414
8050846039421
8050846039438
8050846039452
8050846039469
8050846039483
8050846039490
8050846039506
8050846039520
8050846039537
8050846039544
8050846039575
8050846039582
8050846039605
8050846039612
8050846039643
8050846039650
8050846039674
8050846039681
8050846039698
8050846039698
8050846039704
8050846039711
8050846039728
8050846039742
8050846039759
8050846039766
8050846039780
8050846039797
8050846039810
8050846039827
8050846039834
8050846039858
8050846039865
8050846039872
8050846039889
8050846039896
8050846039902
8050846039933
8050846039940
8050846041271
8050846041288
8050846041295
8050846041462
8050846042100
8050846042278
8050846042377
8050846042384
8050846042391
8050846042407
8050846042421
8050846042971
8050846042971
8050846042971
8050846043268
8050846043640
8050846043657
8050846043855
8050846043862
8050846043916
8050846043923
8050846043930
8050846044302
8050846044432
8050846044807
8050846044845
8050846044845
8050846044937
8050846044944
8050846044975
8050846045071
8050846045699
8050846045705
8050846045705
8050846045750
8050846047877
8050846049154
8050846049161
8050846049192
8050846049215
8050846049949
8050846050464
8050846050471
8050846050488
8050846050488
8050846050495
8050846050501
8050846050518
8050846050525
8050846050532
8050846050808
8050846050815
8050846050815
8050846050822
8050846050839
8050846051539
8050846051720
8050846057982
8050846058019
8050846058026
8050846058040
8050846058057
8050846060555
8050846060562
8050846060579
8050846060586
8050846060593
8050846060609
8050846060616
8050846060623
8050846060678
8050846060685
8050846060692
8050846060715
8050846060722
8050846060784
8050846060791
8050846060807
8050846060814
8050846060821
8050846060838
8050846060845
8050846060852
8050846060869
8050846060937
8050846060944
8050846060951
8050846060968
8050846060975
8050846060982
8050846060999
8050846061002
8050846061019
8050846061026
8050846061033
8050846061040
8050846061057
8050846061064
8050846061071
8050846061088
8050846061095
8050846061101
8050846061118
8050846061125
8050846061132
8050846061149
8050846061156
8050846061163
8050846061170
8050846061187
8050846061194
8050846061194
8050846061194
8050846061200
8050846061217
8050846061224
8050846061231
8050846061248
8050846061255
8050846061262
8050846061279
8050846061286
8050846061293
8050846061309
8050846061316
8050846061323
8050846061330
8050846061347
8050846061354
8050846061361
8050846061378
8050846061385
8050846061392
8050846061408
8050846061415
8050846061422
8050846061439
8050846061453
8050846061484
8050846061484
8050846061491
8050846061491
8050846061507
8050846061576
8050846061583
8050846061590
8050846061606
8050846061613
8050846061620
8050846061644
8050846061651
8050846061668
8050846061675
8050846061699
8050846061705
8050846061712
8050846061736
8050846061767
8050846061774
8050846061781
8050846061798
8050846061804
8050846061811
8050846061828
8050846061835
8050846061842
8050846061859
8050846061866
8050846061873
8050846061880
8050846061897
8050846061903
8050846061910
8050846061927
8050846061934
8050846061941
8050846061958
8050846061965
8050846062009
8050846062016
8050846062023
8050846062030
8050846062047
8050846062054
8050846062061
8050846062078
8050846062085
8050846062092
8050846062108
8050846062115
8050846062122
8050846062139
8050846062146
8050846062153
8050846062160
8050846062177
8050846062191
8050846062207
8050846062214
8050846062221
8050846062238
8050846062245
8050846062252
8050846062269
8050846062276
8050846062283
8050846062290
8050846062306
8050846062313
8050846062320
8050846062337
8050846062344
8050846062351
8050846062368
8050846062375
8050846062382
8050846062412
8050846062429
8050846062436
8050846062443
8050846062450
8050846062467
8050846062474
8050846062481
8050846062498
8050846062504
8050846062511
8050846062528
8050846062535
8050846062542
8050846062559
8050846062566
8050846062573
8050846062580
8050846062597
8050846062603
8050846062610
8050846062627
8050846062634
8050846062641
8050846062658
8050846062665
8050846062672
8050846062689
8050846062696
8050846062702
8050846062719
8050846062726
8050846062726
8050846062733
8050846062740
8050846062757
8050846062788
8050846062795
8050846062801
8050846062818
8050846062825
8050846062832
8050846062849
8050846062856
8050846062863
8050846062870
8050846062887
8050846062894
8050846062900
8050846062917
8050846062924
8050846062931
8050846062948
8050846062955
8050846062962
8050846062979
8050846062986
8050846062993
8050846063006
8050846063013
8050846063020
8050846063044
8050846063051
8050846063068
8050846063075
8050846063082
8050846063099
8050846063105
8050846063112
8050846063129
8050846063136
8050846063143
8050846063150
8050846063167
8050846063174
8050846063181
8050846063198
8050846063204
8050846063211
8050846063228
8050846063235
8050846063242
8050846063259
8050846063266
8050846063273
8050846063280
8050846063327
8050846063334
8050846063341
8050846063358
8050846063365
8050846063372
8050846063464
8050846063471
8050846063488
8050846063495
8050846063501
8050846063518
8050846063525
8050846063532
8050846063549
8050846063556
8050846063563
8050846063570
8050846064324
8050846064331
8050846066861
8050846066878
8050846066885
8050846066892
8050846066915
8050846066915
8050846067004
8050846067028
8050846067035
8050846067042
8050846067059
8050846067066
8050846067073
8050846067080
8050846067097
8050846067103
8050846067110
8050846067127
8050846067134
8050846067141
8050846069138
8050846069145
8050846069152
8050846069169
8050846071049
8050846071056
8050846071087
8050846071162
8050846078260
8050846078550
8050846080164
8050846082427
8050846082434
8050846082441
8050846082458
8050846082465
8050846082472
8050846082489
8050846083004
8050846083387
8050846083387
8050846085015
8050846085022
8050846085046
8050846085107
8050846085190
8050846085206
8050846085213
8050846086401
8050846086418
8050846089563
8050846089570
8050846089587
8050846089594
8050846089631
8050846089648
8050846089655
8050846089662
8050846089679
8050846089686
8050846089693
8050846089709
8050846089716
8050846089723
8050846089730
8050846089747
8050846089754
8050846089761
8050846089778
8050846089785
8050846089792
8050846089822
8050846089839
8050846089846
8050846089853
8050846089860
8050846089877
8050846089884
8050846089891
8050846089907
8050846089914
8050846089921
8050846089938
8050846089945
8050846089952
8050846089969
8050846089976
8050846089983
8050846089990
8050846090002
8050846090019
8050846090026
8050846090033
8050846090040
8050846090057
8050846090064
8050846090071
8050846090088
8050846090095
8050846090101
8050846090118
8050846090125
8050846090132
8050846090149
8050846090156
8050846090163
8050846090170
8050846090187
8050846090200
8050846090217
8050846090224
8050846090231
8050846090248
8050846090255
8050846090262
8050846090279
8050846090286
8050846090293
8050846090309
8050846090316
8050846090323
8050846090330
8050846090347
8050846090354
8050846090361
8050846090378
8050846090385
8050846090392
8050846090408
8050846090415
8050846090422
8050846090439
8050846090446
8050846090453
8050846090460
8050846090477
8050846090484
8050846090491
8050846090507
8050846090514
8050846090521
8050846090538
8050846090545
8050846090552
8050846090569
8050846090576
8050846090606
8050846090613
8050846090620
8050846090637
8050846090644
8050846090651
8050846090668
8050846090675
8050846090682
8050846090699
8050846090705
8050846090712
8050846090743
8050846090743
8050846090767
8050846090774
8050846090781
8050846090798
8050846090804
8050846090811
8050846090828
8050846090835
8050846090842
8050846090859
8050846090866
8050846090873
8050846090880
8050846090897
8050846090903
8050846090910
8050846090927
8050846090934
8050846090941
8050846090958
8050846090972
8050846090989
8050846091009
8050846091016
8050846091023
8050846091030
8050846091047
8050846091054
8050846091061
8050846091078
8050846091085
8050846091092
8050846091108
8050846091115
8050846091122
8050846091139
8050846091146
8050846091153
8050846091160
8050846091177
8050846091184
8050846091191
8050846091207
8050846091214
8050846091221
8050846091238
8050846091245
8050846091320
8050846091344
8050846091344
8050846091351
8050846091368
8050846091375
8050846091382
8050846091399
8050846091450
8050846091467
8050846091474
8050846091481
8050846091498
8050846091504
8050846091511
8050846091528
8050846091535
8050846091542
8050846091627
8050846091634
8050846091672
8050846091689
8050846091696
8050846091702
8050846091719
8050846091726
8050846091733
8050846091740
8050846091764
8050846091771
8050846091788
8050846091795
8050846091801
8050846091818
8050846091825
8050846091832
8050846091849
8050846091856
8050846091863
8050846091870
8050846091887
8050846091894
8050846091900
8050846091917
8050846091931
8050846091948
8050846091955
8050846091962
8050846091979
8050846091986
8050846091993
8050846092006
8050846092013
8050846092020
8050846092037
8050846092044
8050846092051
8050846092068
8050846092082
8050846092099
8050846092105
8050846092112
8050846092129
8050846092136
8050846092143
8050846092228
8050846092235
8050846092242
8050846092259
8050846092266
8050846092273
8050846092280
8050846092297
8050846092303
8050846092310
8050846092334
8050846092341
8050846092358
8050846092365
8050846092372
8050846092389
8050846092396
8050846092402
8050846092419
8050846092426
8050846092471
8050846092488
8050846092518
8050846092525
8050846092532
8050846092549
8050846092556
8050846092877
8050846092884
8050846092891
8050846092945
8050846092952
8050846092969
8050846092983
8050846093010
8050846093027
8050846093065
8050846094598
8050846094604
8050846094642
8050846094659
8050846094666
8050846094680
8050846094697
8050846094703
8050846094710
8050846094727
8050846094802
8050846094819
8050846094826
8050846094833
8050846094840
8050846094857
8050846094864
8050846094871
8050846094888
8050846094918
8050846094925
8050846094932
8050846094956
8050846094963
8050846094987
8050846094994
8050846095007
8050846098299
8050846099616
8050846099654
8050846099661
8050846099678
8050846099685
8051770300656
8051770300694
8051770300700
8051770300717
8051770300731
8051770300762
8051770300793
8051770300809
8051770300816
8051770300854
8051770300892
8051770300908
8051770300915
8051770300939
8051770300960
8051770300991
8051770301004
8051770301011
8051770301059
8051770301097
8051770301110
8051770301134
8051770301165
8051770301196
8051770301202
8051770301219
8051770307938
8051770307945
8051770307952
8051770307976
8051770307983
8051770307990
8051770308508
8051770308539
8051770308621
8051770308638
8051770308652
8051770308669
8051770308683
8051770308690
8051770308706
8051770308744
8051770308751
8051770308768
8051770308775
8051770308782
8051770308805
8051770308812
8051770308829
8051770308836
8051770309055
8051770309154
8051770309161
8051770309185
8051770309192
8051770309215
8051770309222
8051770309246
8051770309253
8051770309673
8051770309703
8051770309802
8051770309819
8051770309833
8056095063705
8056095063712
8056095063729
8056095063736
8056095063781
8056095063798
8056095063804
8056095063811
8056095064283
8056095064290
8056095064474
8056095064481
8056095068816
8056095068861
8056095068885
8056098530099
8056098534172
8056098539870
8056098539986
8056099170003
8056099170058
8056099170065
8056099170201
8056099170225
8056099170317
8056099171642
8056099171659
8056099171666
8056099176784
8056099176852
8056099176937
8056099177125
8056099177255
8056099177354
8056099177378
8056099177385
8056099177446
8056099177545
8056099177712
8056099177804
8056099178092
8056099178139
8056099178351
8056099178528
8056099178559
8056099178610
8056099178863
8056099179112
8056099179136
8056099179396
8056099179433
8056099179464
8056099179556
8056099179617
8056099179730
8056099179785
8056099179891
8056099179907
8056099179952
8056300452195
8056300452508
8056300454526
8056300454533
8056300454861
8056300454908
8056300455240
8056300455257
8056300455264
8056300455745
8056300456346
8056300456674
8056300459972
8057014140712
8057014140729
8058047001872
8058047001919
8058047001926
8058047001933
8058047001940
8058047001957
8058047001964
8058047001971
8058047001988
8058047001995
8058047002008
8058047002015
8058047002022
8058047006846
8058333583617
8058333583624
8058333583648
8058333586625
8058333586632
8058333586649
8058333586670
8058333586687
8058333586694
8058333586731
8058333586816
8058333586847
8058333587646
8058333587677
8058333587820
8058333587844
8058983590454
8058983592007
8058983592014
8058983594889
8058983594896
8058983594902
8058983594919
8058983595596
8058983595916
8058983596067
8058983596074
8058983596111
8058983596401
8058983596463
8058983596487
8058983596531
8058983596586
8058983596654
8058983596661
8058983596678
8058983596685
8058983596692
8058983596876
8058983596883
8058983596890
8058983596906
8058983596913
8058983596920
8058983596937
8058983597149
8058983597149
8058983597309
8058983597316
8058983597323
8058983597408
8058983598474
8058983598481
8058983598504
8058983599471
8058983599488
8058983599495
8058983599518
8058983599525
8058983599532
